1,2
1,3
1,6
1,8
1,10
1,11
1,12
1,13
1,14
1,16
1,17
1,18
1,19
1,20
1,22
1,24
1,26
1,27
1,37
1,38
1,40
1,41
1,47
1,50
1,51
1,65
1,66
1,67
1,68
1,73
1,100
1,102
1,104
1,105
1,106
1,107
1,167
1,168
1,169
1,170
1,172
1,173
1,175
1,176
1,177
1,178
1,179
1,180
1,181
1,182
1,183
1,184
1,185
1,186
1,187
1,188
1,189
1,190
1,191
1,192
1,194
1,196
1,197
1,198
1,199
1,201
1,204
1,205
1,207
1,208
1,209
1,210
1,213
1,215
2,169
2,177
3,10
3,12
3,24
3,26
3,27
3,50
3,104
3,105
3,106
3,107
3,168
3,170
3,172
4,171
4,174
5,171
5,174
6,169
6,177
7,24
7,104
7,168
7,170
7,171
7,174
8,51
8,169
8,173
8,175
8,177
8,179
9,171
9,174
10,26
11,10
11,12
11,24
11,26
11,27
11,50
11,104
11,105
11,106
11,107
11,168
11,170
11,172
13,4
13,5
13,7
13,9
13,15
13,17
13,18
13,26
13,169
13,171
13,174
13,177
13,179
13,195
13,200
14,12
14,66
14,175
14,194
15,4
15,5
15,7
15,9
15,169
15,171
15,174
15,177
16,10
16,17
16,18
16,26
16,179
17,179
19,4
19,5
19,7
19,9
19,15
19,18
19,105
19,169
19,171
19,174
19,175
19,177
19,194
19,195
19,200
19,203
20,17
20,68
20,179
20,183
20,208
21,4
21,5
21,7
21,9
21,15
21,17
21,103
21,169
21,171
21,174
21,175
21,177
21,179
21,183
21,194
21,195
21,200
21,203
21,208
22,18
22,19
22,20
22,73
22,181
22,182
22,185
22,205
22,207
22,209
23,25
23,26
23,27
23,29
23,30
23,32
23,35
23,38
23,39
23,41
23,44
23,45
23,47
23,48
23,50
23,51
23,53
23,54
23,55
23,56
23,57
23,60
23,61
23,62
23,63
23,64
23,65
23,66
23,67
23,68
23,69
23,70
23,71
23,72
23,73
23,75
23,76
23,77
23,81
23,82
23,83
23,87
23,88
23,89
23,93
23,94
23,95
23,97
23,101
23,102
23,103
23,105
23,106
23,107
23,133
25,26
25,27
25,51
25,105
25,106
25,107
27,105
27,107
29,30
29,54
29,81
29,82
29,83
30,81
30,83
32,56
32,57
32,87
32,88
32,89
33,34
33,36
33,37
33,40
33,59
33,100
35,61
35,62
38,39
38,66
41,68
41,69
41,101
41,102
41,103
42,46
42,74
44,45
44,71
44,93
44,94
44,95
45,93
45,95
47,48
47,73
47,75
47,76
47,77
48,75
48,76
49,24
49,28
49,31
49,33
49,34
49,36
49,37
49,40
49,42
49,43
49,46
49,52
49,58
49,59
49,74
49,80
49,86
49,92
49,100
49,104
52,28
52,80
53,76
55,81
57,88
57,89
58,33
58,34
58,36
58,37
58,40
58,42
58,43
58,46
58,59
58,74
58,92
58,100
59,34
59,36
60,93
64,26
64,50
64,51
64,53
64,54
64,55
64,56
64,60
64,62
64,65
64,66
64,67
64,68
64,70
64,71
64,72
64,73
64,76
64,81
64,88
64,93
64,103
64,105
65,26
67,105
69,102
69,103
70,88
72,103
74,24
74,37
74,40
74,100
74,104
77,75
77,76
77,102
78,54
78,114
78,116
78,122
78,188
79,13
79,16
79,17
79,18
79,19
79,20
79,22
79,76
79,109
79,111
79,136
79,137
79,138
79,168
79,169
79,170
79,175
79,177
79,179
79,181
79,182
79,183
79,185
79,187
79,194
79,196
79,197
79,205
79,207
79,208
79,209
79,210
79,215
80,24
80,37
80,40
80,46
80,74
80,100
80,104
82,75
82,81
82,83
84,56
84,116
84,137
84,145
85,13
85,16
85,17
85,18
85,19
85,20
85,22
85,78
85,79
85,81
85,110
85,112
85,115
85,118
85,119
85,120
85,122
85,138
85,139
85,141
85,142
85,143
85,146
85,151
85,168
85,169
85,170
85,175
85,177
85,179
85,181
85,182
85,183
85,185
85,187
85,194
85,196
85,197
85,205
85,207
85,208
85,209
85,210
85,215
86,24
86,28
86,37
86,40
86,46
86,74
86,80
86,100
86,104
87,83
87,88
87,89
90,52
90,71
90,122
90,126
90,141
90,159
91,13
91,16
91,17
91,18
91,19
91,20
91,22
91,78
91,79
91,88
91,110
91,112
91,115
91,116
91,118
91,119
91,120
91,137
91,139
91,142
91,143
91,145
91,146
91,151
91,154
91,168
91,169
91,170
91,175
91,177
91,179
91,181
91,182
91,183
91,185
91,187
91,194
91,196
91,197
91,205
91,207
91,208
91,209
91,210
91,215
92,24
92,28
92,31
92,37
92,40
92,46
92,52
92,74
92,80
92,86
92,100
92,104
94,89
94,93
94,95
96,24
96,28
96,31
96,33
96,34
96,36
96,37
96,40
96,42
96,43
96,46
96,49
96,52
96,58
96,59
96,74
96,78
96,80
96,86
96,90
96,91
96,92
96,98
96,100
96,104
96,109
96,110
96,111
96,116
96,118
96,120
96,122
96,124
96,125
96,126
96,128
96,136
96,137
96,138
96,141
96,142
96,145
96,156
96,158
96,159
96,160
96,161
96,166
97,61
97,63
97,95
98,42
98,52
98,62
98,90
98,91
98,124
98,125
98,128
98,142
98,156
98,158
98,160
99,13
99,16
99,17
99,18
99,19
99,20
99,22
99,78
99,79
99,93
99,110
99,112
99,115
99,116
99,118
99,119
99,120
99,122
99,126
99,137
99,139
99,141
99,143
99,145
99,146
99,151
99,154
99,159
99,168
99,169
99,170
99,175
99,177
99,179
99,181
99,182
99,183
99,185
99,187
99,194
99,196
99,197
99,205
99,207
99,208
99,209
99,210
99,215
100,24
100,37
100,104
101,102
101,103
101,107
104,37
106,39
106,105
106,107
108,13
108,14
108,15
108,16
108,17
108,18
108,19
108,20
108,21
108,22
108,23
108,24
108,25
108,26
108,27
108,29
108,30
108,32
108,35
108,37
108,38
108,39
108,40
108,41
108,44
108,45
108,46
108,47
108,48
108,50
108,51
108,54
108,57
108,61
108,63
108,65
108,66
108,67
108,68
108,69
108,72
108,73
108,74
108,75
108,77
108,79
108,82
108,83
108,87
108,89
108,94
108,95
108,97
108,100
108,101
108,102
108,103
108,104
108,105
108,106
108,107
108,112
108,113
108,114
108,115
108,116
108,117
108,119
108,121
108,122
108,123
108,129
108,131
108,132
108,133
108,135
108,139
108,150
108,164
108,168
108,169
108,170
108,171
108,172
108,173
108,174
108,175
108,177
108,179
108,181
108,182
108,183
108,185
108,186
108,187
108,190
108,191
108,194
108,195
108,196
108,197
108,199
108,200
108,201
108,203
108,205
108,207
108,208
108,209
108,210
108,211
108,213
108,215
109,137
109,138
111,78
111,110
111,118
111,120
111,137
111,138
113,83
114,116
114,122
117,75
117,122
117,123
118,188
119,13
119,16
119,17
119,18
119,19
119,20
119,22
119,168
119,169
119,170
119,175
119,177
119,179
119,181
119,182
119,183
119,185
119,187
119,194
119,196
119,197
119,205
119,207
119,208
119,209
119,210
119,215
120,116
120,137
120,145
121,24
121,26
121,28
121,32
121,37
121,40
121,46
121,50
121,51
121,53
121,54
121,56
121,65
121,66
121,67
121,68
121,72
121,73
121,74
121,75
121,76
121,80
121,83
121,84
121,100
121,103
121,104
121,105
121,113
121,122
121,123
121,149
121,152
123,83
124,78
124,110
124,116
124,118
124,120
124,137
124,142
124,145
125,122
126,78
126,110
126,116
126,118
126,120
126,122
126,137
126,141
126,145
127,24
127,26
127,28
127,31
127,37
127,40
127,44
127,46
127,49
127,50
127,51
127,52
127,53
127,54
127,55
127,56
127,65
127,66
127,67
127,68
127,71
127,72
127,73
127,74
127,76
127,80
127,81
127,83
127,86
127,89
127,90
127,97
127,100
127,103
127,104
127,105
127,123
127,125
127,128
127,129
127,131
127,132
127,133
127,135
127,150
127,156
130,78
130,90
130,91
130,98
130,109
130,110
130,111
130,116
130,118
130,120
130,122
130,124
130,125
130,126
130,128
130,136
130,137
130,138
130,141
130,142
130,145
130,156
130,158
130,159
130,160
130,161
130,166
131,83
131,89
131,95
131,97
131,113
131,129
131,132
131,133
131,135
131,164
134,13
134,16
134,17
134,18
134,19
134,20
134,22
134,78
134,90
134,91
134,98
134,109
134,110
134,111
134,116
134,118
134,120
134,122
134,124
134,125
134,126
134,128
134,136
134,137
134,138
134,141
134,142
134,145
134,156
134,158
134,159
134,160
134,161
134,166
134,168
134,169
134,170
134,175
134,177
134,179
134,181
134,182
134,183
134,185
134,187
134,194
134,196
134,197
134,205
134,207
134,208
134,209
134,210
134,215
135,191
136,137
136,138
136,189
139,13
139,16
139,17
139,18
139,19
139,20
139,22
139,168
139,169
139,170
139,175
139,177
139,179
139,181
139,182
139,183
139,185
139,187
139,194
139,196
139,197
139,205
139,207
139,208
139,209
139,210
139,215
140,122
140,138
140,141
140,142
141,122
143,13
143,16
143,17
143,18
143,19
143,20
143,22
143,78
143,79
143,110
143,112
143,115
143,118
143,119
143,120
143,139
143,168
143,169
143,170
143,175
143,177
143,179
143,181
143,182
143,183
143,185
143,187
143,194
143,196
143,197
143,205
143,207
143,208
143,209
143,210
143,215
144,13
144,14
144,15
144,16
144,17
144,18
144,19
144,20
144,21
144,22
144,23
144,24
144,25
144,26
144,27
144,28
144,29
144,30
144,32
144,35
144,37
144,38
144,39
144,40
144,41
144,44
144,45
144,46
144,47
144,48
144,50
144,51
144,53
144,54
144,56
144,57
144,61
144,63
144,65
144,66
144,67
144,68
144,69
144,72
144,73
144,74
144,75
144,76
144,77
144,78
144,79
144,80
144,82
144,83
144,84
144,87
144,89
144,94
144,95
144,97
144,100
144,101
144,102
144,103
144,104
144,105
144,106
144,107
144,110
144,112
144,113
144,115
144,118
144,119
144,120
144,129
144,131
144,132
144,133
144,135
144,139
144,143
144,146
144,149
144,150
144,151
144,152
144,164
144,168
144,169
144,170
144,171
144,172
144,173
144,174
144,175
144,177
144,179
144,181
144,182
144,183
144,185
144,186
144,187
144,188
144,190
144,191
144,194
144,195
144,196
144,197
144,199
144,200
144,201
144,203
144,205
144,207
144,208
144,209
144,210
144,211
144,213
144,215
145,116
145,137
146,78
146,79
146,110
146,112
146,115
146,118
146,119
146,120
146,139
147,122
147,138
147,141
147,142
148,116
148,122
148,137
148,138
148,141
148,142
148,145
149,24
149,26
149,28
149,32
149,37
149,40
149,46
149,50
149,51
149,53
149,54
149,56
149,65
149,66
149,67
149,68
149,72
149,73
149,74
149,76
149,80
149,83
149,84
149,100
149,103
149,104
149,105
149,113
149,152
150,89
150,97
150,132
150,133
150,135
151,78
151,79
151,110
151,112
151,115
151,118
151,119
151,120
151,139
153,13
153,14
153,15
153,16
153,17
153,18
153,19
153,20
153,21
153,22
153,23
153,24
153,25
153,26
153,27
153,28
153,29
153,30
153,31
153,32
153,35
153,37
153,38
153,39
153,40
153,41
153,44
153,45
153,46
153,47
153,48
153,49
153,50
153,51
153,52
153,53
153,54
153,55
153,56
153,57
153,61
153,63
153,65
153,66
153,67
153,68
153,69
153,71
153,72
153,73
153,74
153,75
153,76
153,77
153,78
153,79
153,80
153,81
153,82
153,83
153,86
153,87
153,89
153,90
153,93
153,94
153,95
153,97
153,100
153,101
153,102
153,103
153,104
153,105
153,106
153,107
153,110
153,112
153,113
153,115
153,116
153,118
153,119
153,120
153,125
153,127
153,128
153,129
153,131
153,132
153,133
153,135
153,137
153,139
153,143
153,144
153,145
153,146
153,150
153,151
153,154
153,155
153,156
153,164
153,168
153,169
153,170
153,171
153,172
153,173
153,174
153,175
153,177
153,179
153,181
153,182
153,183
153,185
153,186
153,187
153,188
153,190
153,191
153,194
153,195
153,196
153,197
153,199
153,200
153,201
153,203
153,205
153,207
153,208
153,209
153,210
153,211
153,213
153,215
154,78
154,79
154,110
154,112
154,115
154,116
154,118
154,119
154,120
154,137
154,139
154,143
154,145
154,146
154,151
155,24
155,26
155,28
155,31
155,37
155,40
155,44
155,46
155,49
155,50
155,51
155,52
155,53
155,54
155,55
155,56
155,65
155,66
155,67
155,68
155,71
155,72
155,73
155,74
155,76
155,80
155,81
155,86
155,89
155,90
155,97
155,100
155,103
155,104
155,105
155,125
155,128
155,129
155,131
155,132
155,133
155,135
155,150
155,156
157,13
157,14
157,15
157,16
157,17
157,18
157,19
157,20
157,21
157,22
157,45
157,57
157,78
157,79
157,83
157,87
157,93
157,94
157,95
157,110
157,112
157,115
157,116
157,118
157,119
157,120
157,137
157,139
157,143
157,144
157,145
157,146
157,151
157,154
157,168
157,169
157,170
157,171
157,173
157,174
157,175
157,177
157,179
157,181
157,182
157,183
157,185
157,187
157,188
157,191
157,194
157,195
157,196
157,197
157,200
157,201
157,203
157,205
157,207
157,208
157,209
157,210
157,211
157,215
158,122
158,126
158,141
158,142
158,159
159,122
159,141
160,142
161,90
161,91
161,124
161,125
161,128
161,142
161,156
161,158
161,160
162,78
162,79
162,110
162,112
162,115
162,116
162,118
162,119
162,120
162,122
162,126
162,137
162,139
162,141
162,143
162,145
162,146
162,151
162,154
162,159
163,13
163,14
163,15
163,16
163,17
163,18
163,19
163,20
163,21
163,22
163,23
163,25
163,27
163,29
163,30
163,32
163,34
163,35
163,38
163,39
163,41
163,44
163,45
163,47
163,48
163,57
163,60
163,61
163,63
163,69
163,75
163,77
163,78
163,79
163,82
163,83
163,87
163,89
163,93
163,94
163,95
163,97
163,99
163,101
163,102
163,106
163,107
163,110
163,112
163,113
163,115
163,116
163,118
163,119
163,120
163,122
163,126
163,129
163,131
163,132
163,133
163,135
163,137
163,139
163,141
163,143
163,144
163,145
163,146
163,150
163,151
163,153
163,154
163,157
163,159
163,162
163,164
163,168
163,169
163,170
163,171
163,172
163,173
163,174
163,175
163,177
163,179
163,181
163,182
163,183
163,185
163,186
163,187
163,188
163,190
163,191
163,194
163,195
163,196
163,197
163,199
163,200
163,201
163,203
163,205
163,207
163,208
163,209
163,210
163,211
163,213
163,215
164,95
165,13
165,14
165,15
165,16
165,17
165,18
165,19
165,20
165,21
165,22
165,23
165,25
165,27
165,29
165,30
165,32
165,34
165,35
165,38
165,39
165,41
165,44
165,45
165,47
165,48
165,57
165,60
165,61
165,63
165,69
165,75
165,77
165,78
165,79
165,82
165,83
165,87
165,89
165,93
165,94
165,95
165,97
165,99
165,101
165,102
165,106
165,107
165,110
165,112
165,113
165,115
165,116
165,118
165,119
165,120
165,122
165,126
165,129
165,131
165,132
165,133
165,135
165,137
165,139
165,141
165,143
165,144
165,145
165,146
165,150
165,151
165,153
165,154
165,157
165,159
165,162
165,164
165,168
165,169
165,170
165,171
165,172
165,173
165,174
165,175
165,177
165,179
165,181
165,182
165,183
165,185
165,186
165,187
165,188
165,190
165,191
165,194
165,195
165,196
165,197
165,199
165,200
165,201
165,203
165,205
165,207
165,208
165,209
165,210
165,211
165,213
165,215
166,90
166,91
166,124
166,125
166,128
166,142
166,156
166,158
166,160
167,4
167,5
167,7
167,9
167,24
167,26
167,28
167,29
167,31
167,32
167,37
167,40
167,42
167,43
167,44
167,46
167,49
167,50
167,51
167,52
167,53
167,54
167,55
167,56
167,58
167,62
167,65
167,66
167,67
167,68
167,70
167,71
167,72
167,73
167,74
167,75
167,76
167,78
167,80
167,81
167,83
167,84
167,85
167,86
167,88
167,89
167,90
167,91
167,92
167,95
167,96
167,97
167,98
167,100
167,103
167,104
167,105
167,108
167,109
167,110
167,111
167,113
167,114
167,116
167,117
167,118
167,120
167,121
167,122
167,123
167,124
167,125
167,126
167,127
167,128
167,129
167,130
167,131
167,132
167,133
167,134
167,135
167,136
167,137
167,138
167,140
167,141
167,142
167,145
167,147
167,148
167,149
167,150
167,152
167,155
167,156
167,158
167,159
167,160
167,161
167,164
167,166
167,171
167,172
167,173
167,174
167,175
167,176
167,178
167,179
167,180
167,186
167,188
167,189
167,190
167,191
167,192
167,199
167,213
170,169
170,177
172,24
172,26
172,50
172,104
172,105
173,175
173,179
176,179
176,180
177,175
177,194
178,14
178,24
178,50
178,51
178,66
178,104
178,105
178,107
178,172
178,179
178,180
178,198
178,201
180,105
181,18
181,169
181,175
181,177
181,194
182,179
183,17
183,169
183,175
183,177
183,179
183,194
184,20
184,24
184,26
184,37
184,50
184,51
184,65
184,66
184,68
184,104
184,105
184,180
184,182
184,185
184,186
184,188
184,189
184,190
184,191
184,192
184,199
184,205
187,17
187,18
187,19
187,20
187,22
187,168
187,169
187,170
187,175
187,177
187,179
187,181
187,182
187,183
187,185
187,194
187,205
187,207
187,208
187,209
187,210
187,215
190,24
190,26
190,37
190,40
190,50
190,51
190,65
190,66
190,67
190,68
190,73
190,100
190,104
190,105
190,172
190,186
190,188
190,189
190,191
190,192
190,213
192,188
192,189
193,2
193,4
193,5
193,6
193,7
193,8
193,9
193,14
193,15
193,24
193,26
193,28
193,29
193,31
193,32
193,37
193,40
193,42
193,43
193,44
193,46
193,49
193,50
193,51
193,52
193,53
193,54
193,55
193,56
193,58
193,62
193,65
193,66
193,67
193,68
193,70
193,71
193,72
193,73
193,74
193,75
193,76
193,78
193,80
193,81
193,83
193,84
193,85
193,86
193,88
193,89
193,90
193,91
193,92
193,95
193,96
193,97
193,98
193,100
193,103
193,104
193,105
193,107
193,108
193,109
193,110
193,111
193,113
193,114
193,116
193,117
193,118
193,120
193,121
193,122
193,123
193,124
193,125
193,126
193,127
193,128
193,129
193,130
193,131
193,132
193,133
193,134
193,135
193,136
193,137
193,138
193,140
193,141
193,142
193,145
193,147
193,148
193,149
193,150
193,152
193,155
193,156
193,158
193,159
193,160
193,161
193,164
193,166
193,169
193,171
193,172
193,174
193,177
193,186
193,188
193,189
193,190
193,191
193,192
193,195
193,198
193,199
193,200
193,201
193,213
194,175
195,169
195,171
195,174
195,177
196,17
196,18
196,179
197,17
197,18
197,175
197,179
197,194
198,14
198,24
198,50
198,51
198,66
198,104
198,105
198,107
198,172
198,201
199,26
199,37
199,65
199,188
199,189
199,191
199,192
200,169
200,171
200,174
200,177
202,2
202,4
202,5
202,6
202,7
202,8
202,9
202,12
202,15
202,20
202,24
202,26
202,28
202,29
202,31
202,32
202,37
202,40
202,42
202,43
202,44
202,46
202,49
202,50
202,51
202,52
202,53
202,54
202,55
202,56
202,58
202,62
202,65
202,66
202,67
202,68
202,69
202,70
202,71
202,72
202,73
202,74
202,75
202,76
202,78
202,80
202,81
202,83
202,84
202,85
202,86
202,88
202,89
202,90
202,91
202,92
202,95
202,96
202,97
202,98
202,100
202,101
202,103
202,104
202,105
202,108
202,109
202,110
202,111
202,113
202,114
202,116
202,117
202,118
202,120
202,121
202,122
202,123
202,124
202,125
202,126
202,127
202,128
202,129
202,130
202,131
202,132
202,133
202,134
202,135
202,136
202,137
202,138
202,140
202,141
202,142
202,145
202,147
202,148
202,149
202,150
202,152
202,155
202,156
202,158
202,159
202,160
202,161
202,164
202,166
202,169
202,171
202,172
202,174
202,175
202,177
202,182
202,184
202,185
202,186
202,188
202,189
202,190
202,191
202,192
202,193
202,194
202,195
202,199
202,200
202,203
202,204
202,205
202,213
203,15
203,169
203,171
203,174
203,175
203,177
203,194
203,195
203,200
204,20
204,24
204,26
204,37
204,50
204,51
204,65
204,66
204,68
204,104
204,182
204,185
204,186
204,188
204,189
204,190
204,191
204,192
204,199
204,205
206,2
206,4
206,5
206,6
206,7
206,8
206,9
206,12
206,15
206,40
206,67
206,69
206,100
206,101
206,103
206,105
206,169
206,171
206,174
206,175
206,177
206,193
206,194
206,195
206,200
206,203
207,17
207,18
207,179
207,183
207,208
208,17
208,179
209,18
210,18
210,19
210,20
210,181
210,182
210,185
210,205
210,207
210,209
211,15
211,17
211,169
211,171
211,174
211,175
211,177
211,179
211,183
211,194
211,195
211,200
211,203
211,208
212,2
212,4
212,5
212,6
212,7
212,8
212,9
212,12
212,15
212,17
212,21
212,24
212,26
212,28
212,29
212,31
212,32
212,37
212,40
212,42
212,43
212,44
212,46
212,48
212,49
212,50
212,51
212,52
212,53
212,54
212,55
212,56
212,58
212,62
212,65
212,66
212,67
212,68
212,69
212,70
212,71
212,72
212,73
212,74
212,75
212,76
212,77
212,78
212,80
212,81
212,83
212,84
212,85
212,86
212,88
212,89
212,90
212,91
212,92
212,95
212,96
212,97
212,98
212,100
212,101
212,103
212,104
212,105
212,107
212,108
212,109
212,110
212,111
212,113
212,114
212,116
212,117
212,118
212,120
212,121
212,122
212,123
212,124
212,125
212,126
212,127
212,128
212,129
212,130
212,131
212,132
212,133
212,134
212,135
212,136
212,137
212,138
212,140
212,141
212,142
212,145
212,147
212,148
212,149
212,150
212,152
212,155
212,156
212,158
212,159
212,160
212,161
212,164
212,166
212,169
212,171
212,172
212,174
212,175
212,177
212,179
212,183
212,186
212,188
212,189
212,190
212,191
212,192
212,193
212,194
212,195
212,199
212,200
212,202
212,203
212,206
212,208
212,211
212,213
213,24
213,26
213,37
213,40
213,50
213,51
213,65
213,66
213,67
213,68
213,73
213,100
213,104
213,105
214,2
214,4
214,5
214,6
214,7
214,8
214,9
214,12
214,15
214,17
214,21
214,24
214,26
214,28
214,29
214,31
214,32
214,37
214,40
214,42
214,43
214,44
214,46
214,48
214,49
214,50
214,51
214,52
214,53
214,54
214,55
214,56
214,58
214,62
214,65
214,66
214,67
214,68
214,69
214,70
214,71
214,72
214,73
214,74
214,75
214,76
214,77
214,78
214,80
214,81
214,83
214,84
214,85
214,86
214,88
214,89
214,90
214,91
214,92
214,95
214,96
214,97
214,98
214,100
214,101
214,103
214,104
214,105
214,107
214,108
214,109
214,110
214,111
214,113
214,114
214,116
214,117
214,118
214,120
214,121
214,122
214,123
214,124
214,125
214,126
214,127
214,128
214,129
214,130
214,131
214,132
214,133
214,134
214,135
214,136
214,137
214,138
214,140
214,141
214,142
214,145
214,147
214,148
214,149
214,150
214,152
214,155
214,156
214,158
214,159
214,160
214,161
214,164
214,166
214,169
214,171
214,172
214,174
214,175
214,177
214,179
214,183
214,186
214,188
214,189
214,190
214,191
214,192
214,193
214,194
214,195
214,199
214,200
214,202
214,203
214,206
214,208
214,211
214,213
215,18
215,19
215,20
215,181
215,182
215,185
215,205
215,207
215,209
